-1 -1
334 437
334 376
300 376
300 161
364 161
364 195
426 195
426 105
112 105
112 195
173 195
173 161
238 161
238 376
204 376
204 437
334 437
-1 -1
219 357
219 329
204 329
165 242
173 242
173 214
114 214
114 242
121 242
82 329
67 329
67 357
123 357
123 329
114 329
121 315
165 315
173 329
164 329
164 357
219 357
-1 -1
154 287
143 263
134 287
154 287
-1 -1
320 357
371 357
371 329
359 329
359 369
395 340
432 369
432 329
420 329
420 357
472 357
472 329
461 329
461 243
472 243
472 214
426 214
395 271
364 214
320 214
320 243
331 243
331 329
320 329
320 357